19
23
29
1
6
26
3
21
12
4
9
16
7
30
14
1
19
20
22
12
22
32
17
32
12
6
5
25
14
2
19
32
14
18
32
10
18
23
15
5
27
5
4
1
28
14
13
1
9
21
2
26
25
28
14
3
27
31
24
8
9
13
21
28
18
21
22
7
30
14
30
10
14
6
26
29
18
1
28
3
5
2
22
23
2
8
24
14
18
27
23
27
27
28
1
32
1
5
15
4
31
8
21
17
11
4
21
28
31
4
14
1
10
8
5
27
2
18
17
5
24
22
7
15
5
12
16
5
21
11
1
19
22
18
1
19
19
29
28
25
16
5
11
21
4
32
19
11
6
24
7
26
20
7
29
3
31
3
19
16
15
31
30
12
26
20
11
28
18
24
31
5
12
1
12
29
11
32
11
3
15
10
4
25
29
8
11
22
16
8
2
11
3
29
15
21
2
18
25
17
15
28
8
20
22
22
8
24
14
1
26
17
17
15
19
28
9
2
27
19
24
14
26
16
4
25
24
25
18
27
20
30
14
12
24
5
12
4
15
8
8
32
14
15
13
9
29
17
20
2
20
16
15
17
18
12
10
30
19
28
26
19
23
8
24
10
12
25
1
7
6
31
6
2
2
28
10
2
7
27
30
21
11
28
16
32
14
4
9
8
19
10
31
3
29
30
8
19
23
21
13
14
15
23
13
29
2
16
5
9
3
30
8
10
21
22
20
17
13
19
31
17
23
23
14
26
1
30
31
24
20
4
18
5
17
3
7
1
5
19
17
15
13
31
10
9
15
22
15
12
8
22
19
10
12
28
3
24
13
22
5
17
22
2
15
10
18
6
21
25
2
6
30
8
11
19
31
10
17
9
7
7
6
15
14
2
3
23
15
3
5
16
23
16
6
8
31
7
17
20
26
2
4
23
10
8
18
18
30
32
8
15
22
10
9
12
23
28
10
5
3
11
7
12
20
17
17
24
14
2
20
4
7
2
5
29
4
21
11
22
2
30
14
11
23
25
1
30
26
30
27
10
17
17
20
25
27
7
6
31
8
31
21
14
14
29
4
3
20
24
3
3
24
26
24
25
8
19
1
22
1
2
2
14
7
31
16
29
25
31
25
25
10
23
28
17
12
8
15
31