0  1
1  2
2  3
3  4
4  5
5  6
6  7
7  8
8  9
9  10
10  11
11  12
12  13
13  14
14  15
15  16
16  1
17  2
18  3
19  4
20  5
21  6
22  7
23  8
24  9
25  10
26  11
27  12
28  13
29  14
30  15
31  16
32  1
33  2
34  3
35  4
36  5
37  6
38  7
39  8
40  9
41  10
42  11
43  12
44  13
45  14
46  15
47  16
48  1
49  2
50  3
51  4
52  5
53  6
54  7
55  8
56  9
57  10
58  11
59  12
60  13
61  14
62  15
63  16
64  1
65  2
66  3
67  4
68  5
69  6
70  7
71  8
72  9
73  10
74  11
75  12
76  13
77  14
78  15
79  16
80  1
81  2
82  3
83  4
84  5
85  6
86  7
87  8
88  9
89  10
90  11
91  12
92  13
93  14
94  15
95  16
96  1
97  2
98  3
99  4
100  5
101  6
102  7
103  8
104  9
105  10
106  11
107  12
108  13
109  14
110  15
111  16
112  1
113  2
114  3
115  4
116  5
117  6
118  7
119  8
120  9
121  10
122  11
123  12
124  13
125  14
126  15
127  16
128  1
129  2
130  3
131  4
132  5
133  6
134  7
135  8
136  9
137  10
138  11
139  12
140  13
141  14
142  15
143  16
144  1
145  2
146  3
147  4
148  5
149  6
150  7
151  8
152  9
153  10
154  11
155  12
156  13
157  14
158  15
159  16
