Thread[Thread-1,5,main]0  0
1  12
2  6
3  9
4  9
5  13
6  9
7  13
8  13
9  10
10  12
11  12
12  12
13  14
14  14
15  14

0  1
1  0
2  0
3  0
4  5
5  6
6  0
7  0
0  9
1  10
2  0
3  12
4  13
5  14
6  15
7  16
16  14
17  7
18  8
19  10
20  10
21  14
22  7
23  9
24  9
25  11
26  14
27  13
28  13
29  14
30  14
31  14

8  1
9  0
10  0
11  0
8  5
9  0
10  7
11  8
8  9
9  10
10  11
11  0
8  13
9  14
10  15
11  16
32  14
33  7
34  10
35  8
36  8
37  13
38  13
39  12
40  12
41  12
42  12
43  13
44  13
45  14
46  14
47  14

0  1
1  0
2  0
3  0
4  5
5  0
6  7
7  8
0  9
1  10
2  0
3  12
4  13
5  14
6  15
7  16
48  14
49  9
50  9
51  9
52  9
53  9
54  9
55  9
56  9
57  9
58  9
59  9
60  9
61  9
62  9
63  9

48  1
49  0
50  3
51  4
52  5
53  6
54  7
55  8
56  9
57  10
58  11
59  12
60  13
61  14
62  15
63  16
64  9
65  9
66  9
67  9
68  9
69  9
70  9
71  9
72  9
73  9
74  9
75  9
76  9
77  9
78  9
79  9

64  1
65  2
66  3
67  4
68  5
69  6
70  7
71  8
72  9
73  10
74  11
75  12
76  13
77  14
78  15
79  16
80  9
81  9
82  9
83  9
84  9
85  9
86  9
87  9
88  9
89  9
90  9
91  9
92  9
93  9
94  9
95  9

80  1
81  2
82  3
83  4
84  5
85  6
86  7
87  8
88  9
89  10
90  11
91  12
92  13
93  14
94  15
95  16
96  9
97  9
98  9
99  9
100  9
101  9
102  9
103  9
104  9
105  9
106  9
107  9
108  9
109  9
110  9
111  9

96  1
97  2
98  3
99  4
100  5
101  6
102  7
103  8
104  9
105  10
106  11
107  12
108  13
109  14
110  15
111  16
112  9
113  9
114  9
115  9
116  9
117  9
118  9
119  9
120  9
121  9
122  9
123  9
124  9
125  9
126  9
127  9

112  1
113  2
114  3
115  4
116  5
117  6
118  7
119  8
120  9
121  10
122  11
123  12
124  13
125  14
126  15
127  16
128  9
129  9
130  9
131  9
132  9
133  9
134  9
135  9
136  9
137  9
138  9
139  9
140  9
141  9
142  9
143  9

128  1
129  2
130  3
131  4
132  5
133  6
134  7
135  8
136  9
137  10
138  11
139  12
140  13
141  14
142  15
143  16
144  9
145  9
146  9
147  9
148  9
149  9
150  9
151  9
152  9
153  9
154  9
155  9
156  9
157  9
158  9
159  9

144  1
145  2
146  3
147  4
148  5
149  6
150  7
151  8
152  9
153  10
154  11
155  12
156  13
157  14
158  15
159  16
160  9
161  9
162  9
163  9
164  9
165  9
166  9
167  9
168  9
169  9
170  9
171  9
172  9
173  9
174  9
175  9

160  1
161  2
162  3
163  4
164  5
165  6
166  7
167  8
168  9
169  10
170  11
171  12
172  13
173  14
174  15
175  16
176  9
177  9
178  9
179  9
180  9
181  9
182  9
183  9
184  9
185  9
186  9
187  9
188  9
189  9
190  9
191  9

176  1
177  2
178  3
179  4
180  5
181  6
182  7
183  8
184  9
185  10
186  11
187  12
188  13
189  14
190  15
191  16
192  9
193  9
194  9
195  9
196  9
197  9
198  9
199  9
200  9
201  9
202  9
203  9
204  9
205  9
206  9
207  9

192  1
193  2
194  3
195  4
196  5
197  6
198  7
199  8
200  9
201  10
202  11
203  12
204  13
205  14
206  15
207  16
208  9
209  9
210  9
211  9
212  9
213  9
214  9
215  9
216  9
217  9
218  9
219  9
220  9
221  9
222  9
223  9

208  1
209  2
210  3
211  4
212  5
213  6
214  7
215  8
216  9
217  10
218  11
219  12
220  13
221  14
222  15
223  16
224  9
225  9
226  9
227  9
228  9
229  9
230  9
231  9
232  9
233  9
234  9
235  9
236  9
237  9
238  9
239  9

224  1
225  2
226  3
227  4
228  5
229  6
230  7
231  8
232  9
233  10
234  11
235  12
236  13
237  14
238  15
239  16
240  9
241  9
242  9
243  9
244  9
245  9
246  9
247  9
248  9
249  9
250  9
251  9
252  9
253  9
254  9
255  9

240  1
241  2
242  3
243  4
244  5
245  6
246  7
247  8
248  9
249  10
250  11
251  12
252  13
253  14
254  15
255  16
0  9
1  6
2  9
3  5
4  5
5  7
6  12
7  14
8  14
9  14
10  11
11  13
12  13
13  14
14  14
15  14

4  1
5  0
6  0
7  0
4  5
5  6
6  7
7  0
4  9
5  0
6  11
7  12
4  13
5  14
6  15
7  16
16  14
17  11
18  11
19  8
20  8
21  6
22  10
23  9
24  9
25  11
26  13
27  12
28  12
29  14
30  14
31  14

144  1
145  0
146  0
147  0
148  5
149  6
150  0
151  8
144  9
145  10
146  11
147  12
148  13
149  14
150  15
151  16
32  14
33  13
34  9
35  10
36  10
37  6
38  8
39  10
40  10
41  10
42  11
43  12
44  12
45  14
46  14
47  14

32  1
33  0
34  0
35  0
36  5
37  6
38  0
39  8
32  9
33  10
34  11
35  12
36  13
37  14
38  15
39  16
48  14
49  10
50  10
51  10
52  10
53  10
54  10
55  10
56  10
57  10
58  10
59  10
60  10
61  10
62  10
63  10

304  1
305  0
306  3
307  4
308  5
309  6
310  7
311  8
312  9
313  10
314  11
315  12
316  13
317  14
318  15
319  16
64  10
65  10
66  10
67  10
68  10
69  10
70  10
71  10
72  10
73  10
74  10
75  10
76  10
77  10
78  10
79  10

320  1
321  2
322  3
323  4
324  5
325  6
326  7
327  8
328  9
329  10
330  11
331  12
332  13
333  14
334  15
335  16
80  10
81  10
82  10
83  10
84  10
85  10
86  10
87  10
88  10
89  10
90  10
91  10
92  10
93  10
94  10
95  10

336  1
337  2
338  3
339  4
340  5
341  6
342  7
343  8
344  9
345  10
346  11
347  12
348  13
349  14
350  15
351  16
96  10
97  10
98  10
99  10
100  10
101  10
102  10
103  10
104  10
105  10
106  10
107  10
108  10
109  10
110  10
111  10

352  1
353  2
354  3
355  4
356  5
357  6
358  7
359  8
360  9
361  10
362  11
363  12
364  13
365  14
366  15
367  16
112  10
113  10
114  10
115  10
116  10
117  10
118  10
119  10
120  10
121  10
122  10
123  10
124  10
125  10
126  10
127  10

368  1
369  2
370  3
371  4
372  5
373  6
374  7
375  8
376  9
377  10
378  11
379  12
380  13
381  14
382  15
383  16
128  10
129  10
130  10
131  10
132  10
133  10
134  10
135  10
136  10
137  10
138  10
139  10
140  10
141  10
142  10
143  10

384  1
385  2
386  3
387  4
388  5
389  6
390  7
391  8
392  9
393  10
394  11
395  12
396  13
397  14
398  15
399  16
144  10
145  10
146  10
147  10
148  10
149  10
150  10
151  10
152  10
153  10
154  10
155  10
156  10
157  10
158  10
159  10

400  1
401  2
402  3
403  4
404  5
405  6
406  7
407  8
408  9
409  10
410  11
411  12
412  13
413  14
414  15
415  16
160  10
161  10
162  10
163  10
164  10
165  10
166  10
167  10
168  10
169  10
170  10
171  10
172  10
173  10
174  10
175  10

416  1
417  2
418  3
419  4
420  5
421  6
422  7
423  8
424  9
425  10
426  11
427  12
428  13
429  14
430  15
431  16
176  10
177  10
178  10
179  10
180  10
181  10
182  10
183  10
184  10
185  10
186  10
187  10
188  10
189  10
190  10
191  10

432  1
433  2
434  3
435  4
436  5
437  6
438  7
439  8
440  9
441  10
442  11
443  12
444  13
445  14
446  15
447  16
192  10
193  10
194  10
195  10
196  10
197  10
198  10
199  10
200  10
201  10
202  10
203  10
204  10
205  10
206  10
207  10

448  1
449  2
450  3
451  4
452  5
453  6
454  7
455  8
456  9
457  10
458  11
459  12
460  13
461  14
462  15
463  16
208  10
209  10
210  10
211  10
212  10
213  10
214  10
215  10
216  10
217  10
218  10
219  10
220  10
221  10
222  10
223  10

464  1
465  2
466  3
467  4
468  5
469  6
470  7
471  8
472  9
473  10
474  11
475  12
476  13
477  14
478  15
479  16
224  10
225  10
226  10
227  10
228  10
229  10
230  10
231  10
232  10
233  10
234  10
235  10
236  10
237  10
238  10
239  10

480  1
481  2
482  3
483  4
484  5
485  6
486  7
487  8
488  9
489  10
490  11
491  12
492  13
493  14
494  15
495  16
240  10
241  10
242  10
243  10
244  10
245  10
246  10
247  10
248  10
249  10
250  10
251  10
252  10
253  10
254  10
255  10

496  1
497  2
498  3
499  4
500  5
501  6
502  7
503  8
504  9
505  10
506  11
507  12
508  13
509  14
510  15
511  16
0  10
1  14
2  4
3  7
4  7
5  11
6  11
7  9
8  9
9  12
10  14
11  12
12  12
13  14
14  14
15  14

0  1
1  0
2  0
3  4
0  5
1  0
2  7
3  0
8  9
9  0
10  11
11  12
8  13
9  14
10  15
11  16
16  14
17  12
18  6
19  9
20  9
21  7
22  9
23  13
24  13
25  11
26  12
27  13
28  13
29  14
30  14
31  14

0  1
1  0
2  0
3  0
4  5
5  6
6  7
7  0
0  9
1  0
2  11
3  12
4  13
5  14
6  15
7  16
32  14
33  4
34  4
35  12
36  12
37  12
38  7
39  8
40  8
41  13
42  14
43  13
44  13
45  14
46  14
47  14

516  1
517  0
518  0
519  4
516  5
517  0
518  7
519  8
516  9
517  0
518  0
519  12
516  13
517  14
518  15
519  16
48  14
49  5
50  5
51  5
52  5
53  5
54  5
55  5
56  5
57  5
58  5
59  5
60  5
61  5
62  5
63  5

560  1
561  0
562  3
563  4
564  5
565  6
566  7
567  8
568  9
569  10
570  11
571  12
572  13
573  14
574  15
575  16
64  5
65  5
66  5
67  5
68  5
69  5
70  5
71  5
72  5
73  5
74  5
75  5
76  5
77  5
78  5
79  5

576  1
577  2
578  3
579  4
580  5
581  6
582  7
583  8
584  9
585  10
586  11
587  12
588  13
589  14
590  15
591  16
80  5
81  5
82  5
83  5
84  5
85  5
86  5
87  5
88  5
89  5
90  5
91  5
92  5
93  5
94  5
95  5

592  1
593  2
594  3
595  4
596  5
597  6
598  7
599  8
600  9
601  10
602  11
603  12
604  13
605  14
606  15
607  16
96  5
97  5
98  5
99  5
100  5
101  5
102  5
103  5
104  5
105  5
106  5
107  5
108  5
109  5
110  5
111  5

608  1
609  2
610  3
611  4
612  5
613  6
614  7
615  8
616  9
617  10
618  11
619  12
620  13
621  14
622  15
623  16
112  5
113  5
114  5
115  5
116  5
117  5
118  5
119  5
120  5
121  5
122  5
123  5
124  5
125  5
126  5
127  5

624  1
625  2
626  3
627  4
628  5
629  6
630  7
631  8
632  9
633  10
634  11
635  12
636  13
637  14
638  15
639  16
128  5
129  5
130  5
131  5
132  5
133  5
134  5
135  5
136  5
137  5
138  5
139  5
140  5
141  5
142  5
143  5

640  1
641  2
642  3
643  4
644  5
645  6
646  7
647  8
648  9
649  10
650  11
651  12
652  13
653  14
654  15
655  16
144  5
145  5
146  5
147  5
148  5
149  5
150  5
151  5
152  5
153  5
154  5
155  5
156  5
157  5
158  5
159  5

656  1
657  2
658  3
659  4
660  5
661  6
662  7
663  8
664  9
665  10
666  11
667  12
668  13
669  14
670  15
671  16
160  5
161  5
162  5
163  5
164  5
165  5
166  5
167  5
168  5
169  5
170  5
171  5
172  5
173  5
174  5
175  5

672  1
673  2
674  3
675  4
676  5
677  6
678  7
679  8
680  9
681  10
682  11
683  12
684  13
685  14
686  15
687  16
176  5
177  5
178  5
179  5
180  5
181  5
182  5
183  5
184  5
185  5
186  5
187  5
188  5
189  5
190  5
191  5

688  1
689  2
690  3
691  4
692  5
693  6
694  7
695  8
696  9
697  10
698  11
699  12
700  13
701  14
702  15
703  16
192  5
193  5
194  5
195  5
196  5
197  5
198  5
199  5
200  5
201  5
202  5
203  5
204  5
205  5
206  5
207  5

704  1
705  2
706  3
707  4
708  5
709  6
710  7
711  8
712  9
713  10
714  11
715  12
716  13
717  14
718  15
719  16
